@CONVERTED_FROM_TEXT
@ITEM=2=Memcached
@ITEM=200=NOMemcached
@ITEM=3=MicrosoftAzureTableStorage
@ITEM=300=NOMicrosoftAzureTableStorage
@ITEM=4=FileMaker
@ITEM=400=NOFileMaker
@ITEM=5=Riak_KV
@ITEM=500=NORiak_KV
@ITEM=6=Hive
@ITEM=600=NOHive
@ITEM=7=Redis
@ITEM=700=NORedis
@ITEM=8=Aerospike
@ITEM=800=NOAerospike
@ITEM=9=GoogleCloudDatastore
@ITEM=900=NOGoogleCloudDatastore
@ITEM=10=MariaDB
@ITEM=1000=NOMariaDB
@ITEM=11=Neo4j
@ITEM=1100=NONeo4j
@ITEM=12=H2
@ITEM=1200=NOH2
@ITEM=13=GoogleBigQuery
@ITEM=1300=NOGoogleBigQuery
@ITEM=14=HBase
@ITEM=1400=NOHBase
@ITEM=15=Netezza
@ITEM=1500=NONetezza
@ITEM=16=Elasticsearch
@ITEM=1600=NOElasticsearch
@ITEM=17=SapHana
@ITEM=1700=NOSapHana
@ITEM=18=Oracle
@ITEM=1800=NOOracle
@ITEM=19=OrientDB
@ITEM=1900=NOOrientDB
@ITEM=20=DynamoDB
@ITEM=2000=NODynamoDB
@ITEM=21=Firebird
@ITEM=2100=NOFirebird
@ITEM=22=Informix
@ITEM=2200=NOInformix
@ITEM=23=IBM_DB2
@ITEM=2300=NOIBM_DB2
@ITEM=24=Couchbase
@ITEM=2400=NOCouchbase
@ITEM=25=FirebaseRealtime
@ITEM=2500=NOFirebaseRealtime
@ITEM=26=MongoDB
@ITEM=2600=NOMongoDB
@ITEM=27=Hazelcast
@ITEM=2700=NOHazelcast
@ITEM=28=Impala
@ITEM=2800=NOImpala
@ITEM=29=Influx_DB
@ITEM=2900=NOInflux_DB
@ITEM=30=SQLite
@ITEM=3000=NOSQLite
@ITEM=31=Solr
@ITEM=3100=NOSolr
@ITEM=32=Snowflake
@ITEM=3200=NOSnowflake
@ITEM=33=AmazonRedshift
@ITEM=3300=NOAmazonRedshift
@ITEM=34=PostgreSQL
@ITEM=3400=NOPostgreSQL
@ITEM=35=Realm
@ITEM=3500=NORealm
@ITEM=36=Cassandra
@ITEM=3600=NOCassandra
@ITEM=37=MS_SQL_Server
@ITEM=3700=NOMS_SQL_Server
@ITEM=38=Ehcache
@ITEM=3800=NOEhcache
@ITEM=39=MicrosoftAzureCosmosDB
@ITEM=3900=NOMicrosoftAzureCosmosDB
@ITEM=40=MS_Access
@ITEM=4000=NOMS_Access
@ITEM=41=SAPAdaptiveServer
@ITEM=4100=NOSAPAdaptiveServer
@ITEM=42=CouchDB
@ITEM=4200=NOCouchDB
@ITEM=43=ClickHouse
@ITEM=4300=NOClickHouse
@ITEM=44=Vertica
@ITEM=4400=NOVertica
@ITEM=45=Teradata
@ITEM=4500=NOTeradata
@ITEM=46=PostGIS
@ITEM=4600=NOPostGIS
@ITEM=47=Etcd
@ITEM=4700=NOEtcd
@ITEM=48=MySQL
@ITEM=4800=NOMySQL
@ITEM=49=Join_Ignite_Sql
@ITEM=4900=NOJoin_Ignite_Sql
@ITEM=50=Join_Ignite_NoSql
@ITEM=5000=NOJoin_Ignite_NoSql
@ITEM=51=Join_MarkLogic_Sql
@ITEM=5100=NOJoin_MarkLogic_Sql
@ITEM=52=Join_MarkLogic_NoSql
@ITEM=5200=NOJoin_MarkLogic_NoSql
@ITEM=53=Join_Virtuoso_Sql
@ITEM=5300=NOJoin_Virtuoso_Sql
@ITEM=54=Join_Virtuoso_NoSql
@ITEM=5400=NOJoin_Virtuoso_NoSql
@ITEM=-1=|
12 18 34 48 -1 12 18 23 34 41 48 -1 12 18 23 34 37 41 48 -1 12 18 23 34 37 41 48 -1 12 18 23 34 37 41 48 -1 12 18 23 34 37 41 48 -1 12 -1 12 -1 12 -1 -2
13 32 34 48 -1 13 32 33 34 37 48 -1 13 18 32 33 34 37 48 -1 7 13 18 23 32 33 34 37 43 48 -1 7 13 18 20 23 26 32 33 34 37 43 48 -1 7 13 18 20 23 26 32 33 34 37 43 48 -1 3 7 13 16 18 20 23 26 32 33 34 36 37 43 48 -1 3 7 10 13 16 18 20 23 26 32 33 34 36 37 43 48 -1 3 7 10 13 16 18 20 23 26 32 33 34 36 37 43 48 -1 3 7 10 13 16 18 20 23 26 32 33 34 36 37 43 48 -1 -2
18 38 -1 18 38 48 -1 18 34 38 -1 10 18 34 38 48 -1 10 18 34 38 48 -1 10 34 38 48 -1 10 34 38 48 -1 10 34 38 48 -1 10 34 38 48 -1 10 34 38 48 -1 -2
48 -1 48 -1 48 -1 48 -1 48 -1 48 -1 48 -1 48 -1 -2
48 -1 48 -1 48 -1 48 -1 48 -1 48 -1 48 -1 48 -1 48 -1 48 -1 -2
6 -1 6 38 48 -1 -2
38 -1 38 -1 38 -1 38 -1 38 -1 38 -1 38 -1 38 -1 38 -1 38 -1 -2
18 -1 18 -1 -2
7 -1 38 -1 2 7 38 48 -1 2 7 38 -1 2 7 38 -1 2 7 38 47 -1 2 7 38 47 -1 2 7 38 47 -1 2 7 38 47 -1 2 7 38 47 -1 -2
7 14 18 48 -1 7 12 18 48 -1 7 12 16 18 26 48 -1 2 7 12 16 18 26 34 48 -1 2 7 12 16 18 26 34 48 -1 2 7 12 16 18 26 34 48 -1 2 7 12 16 18 26 31 34 48 -1 2 7 12 16 18 26 31 34 36 38 48 -1 2 7 10 12 14 16 18 26 31 34 36 37 38 41 48 -1 7 12 16 18 26 34 37 47 48 -1 -2
44 -1 38 -1 38 -1 38 -1 14 20 38 -1 14 20 30 37 38 48 -1 14 20 37 38 48 -1 14 20 31 37 38 39 48 -1 -2
48 -1 48 -1 48 -1 48 -1 48 -1 48 -1 48 -1 48 -1 48 -1 48 -1 -2
12 -1 48 -1 12 48 -1 12 48 -1 12 48 -1 12 48 -1 12 48 -1 12 48 -1 12 48 -1 7 12 48 -1 -2
48 -1 48 -1 -2
7 -1 14 16 20 31 48 -1 7 14 16 31 36 48 -1 7 14 16 20 26 31 36 48 -1 7 14 16 20 26 31 36 48 -1 7 14 16 20 26 31 36 48 -1 7 14 16 20 26 31 36 48 -1 7 14 16 20 26 31 36 48 -1 -2
6 34 48 -1 6 18 34 37 43 48 -1 6 12 14 18 23 34 37 43 48 -1 6 7 12 14 18 23 34 37 43 48 -1 6 7 12 14 18 23 34 37 43 48 -1 6 7 12 14 18 23 34 37 43 48 -1 6 7 12 14 18 23 34 37 43 48 -1 6 7 12 14 18 23 34 37 43 48 -1 6 12 14 18 23 34 37 43 48 -1 6 12 14 18 23 34 37 38 43 48 -1 -2
6 9 -1 9 10 34 37 48 -1 6 7 9 34 36 50 -1 6 7 9 12 14 16 33 34 36 48 50 -1 6 7 9 10 12 14 16 33 34 36 48 50 -1 6 7 9 10 12 14 16 26 33 34 36 48 50 -1 6 7 9 10 11 12 14 16 26 33 34 36 48 50 -1 6 7 9 10 11 12 14 16 26 27 33 34 36 48 50 -1 6 7 9 10 11 12 14 16 26 27 29 33 34 36 48 50 -1 6 7 9 10 11 12 14 16 26 27 29 33 34 36 48 50 -1 -2
8 -1 16 30 36 48 -1 7 8 14 16 20 26 30 31 34 36 48 -1 7 8 10 12 14 16 17 18 20 21 22 23 26 29 30 31 32 33 34 36 37 41 43 48 -1 10 20 26 30 34 43 48 -1 7 8 10 12 14 16 17 18 20 21 22 23 26 29 30 31 32 33 34 36 37 41 43 48 -1 7 8 10 12 14 16 17 18 20 21 22 23 26 29 30 31 32 33 34 36 37 41 43 48 -1 7 8 10 12 14 16 17 18 20 21 22 23 26 29 30 31 32 33 34 36 37 41 43 48 -1 7 8 10 12 14 16 17 18 20 21 22 23 26 29 30 31 32 33 34 36 37 41 43 47 48 -1 -2
18 34 48 -1 12 18 34 48 -1 12 18 34 48 -1 12 18 34 48 -1 12 18 34 48 -1 7 12 18 34 48 -1 12 18 34 48 -1 7 12 18 34 48 -1 12 18 34 48 -1 7 12 18 34 48 -1 -2
9 -1 9 -1 9 -1 9 -1 7 -1 -2
34 -1 18 34 48 -1 18 34 37 48 -1 18 34 37 38 48 -1 18 34 37 38 48 -1 18 26 34 37 38 48 -1 7 18 26 34 37 38 48 -1 7 18 26 34 37 38 48 -1 7 10 12 18 21 23 26 34 37 38 48 -1 7 10 11 12 18 21 23 26 34 37 38 48 -1 -2
9 -1 9 16 26 34 48 -1 9 14 16 26 31 34 36 48 -1 7 9 14 16 26 31 34 36 48 -1 6 7 9 14 16 20 26 31 34 36 38 48 -1 6 7 9 13 14 16 20 26 31 34 36 38 43 48 -1 6 7 9 13 14 16 20 26 27 31 34 36 38 43 48 -1 6 7 9 13 14 16 20 26 27 31 32 34 36 38 43 48 -1 6 7 9 13 14 16 20 26 27 29 31 32 34 36 38 43 48 -1 6 7 9 13 14 16 20 26 27 29 31 32 34 36 38 43 48 -1 -2
12 -1 7 12 48 -1 9 12 48 -1 9 12 48 -1 9 12 48 -1 9 12 48 -1 9 12 48 -1 9 12 24 48 -1 12 48 -1 12 48 -1 -2
38 -1 31 -1 31 -1 31 -1 16 31 -1 16 31 -1 16 31 -1 16 31 -1 16 31 -1 -2
6 9 14 34 48 -1 6 -1 6 9 12 14 34 48 -1 6 48 -1 6 9 12 14 34 48 -1 6 9 12 14 34 48 -1 6 48 -1 6 9 12 14 20 34 48 -1 6 9 12 14 20 34 48 -1 6 9 12 14 20 34 48 -1 -2
12 48 -1 12 48 -1 12 34 48 -1 12 34 48 -1 12 34 48 -1 12 34 48 -1 12 34 48 -1 7 12 34 48 -1 7 12 16 34 48 -1 7 12 16 34 48 -1 -2
14 -1 48 -1 14 48 -1 14 16 48 -1 14 16 48 -1 14 16 31 48 -1 14 16 31 48 -1 14 16 31 48 -1 14 16 31 48 -1 -2
9 -1 14 -1 9 14 -1 9 14 -1 9 26 36 -1 14 26 36 -1 12 14 26 -1 12 14 26 -1 12 14 26 -1 12 14 26 34 -1 -2
7 12 -1 7 10 12 18 24 26 31 34 41 -1 7 10 12 14 16 18 20 24 26 31 34 36 41 -1 6 7 10 12 14 16 20 24 26 31 36 48 50 -1 6 7 10 12 14 16 20 24 26 31 36 48 50 -1 6 7 10 12 14 16 20 24 26 31 36 48 50 -1 6 7 10 12 13 14 16 20 24 26 31 36 48 50 -1 6 7 10 11 12 13 14 16 20 24 26 31 36 48 50 -1 6 7 10 11 12 13 14 16 20 24 26 27 31 36 39 48 50 -1 6 7 10 11 12 13 14 16 20 24 26 27 31 34 36 39 48 50 -1 -2
48 -1 18 48 -1 18 48 -1 18 48 -1 18 48 -1 18 48 -1 18 38 48 -1 7 18 38 48 -1 7 18 38 48 -1 7 18 38 48 -1 -2
20 -1 38 -1 20 38 -1 20 30 38 48 -1 20 30 38 48 -1 20 30 38 48 -1 -2
12 -1 12 -1 12 -1 12 -1 12 -1 -2
48 -1 48 -1 48 -1 47 -1 47 -1 47 -1 -2
6 18 30 34 37 48 -1 6 9 14 18 34 37 48 -1 6 9 14 18 34 37 48 -1 6 9 14 18 34 37 48 -1 6 7 9 14 18 34 37 38 48 -1 6 7 9 14 18 31 34 37 38 48 -1 6 7 9 14 18 31 34 37 38 48 -1 6 7 9 12 14 18 31 34 37 38 48 -1 6 7 9 12 14 18 30 31 34 37 38 48 -1 6 7 9 12 14 18 30 31 34 37 38 48 50 -1 -2
30 -1 30 -1 12 18 30 34 40 48 -1 12 18 30 34 40 48 -1 12 18 30 34 40 48 -1 12 18 30 34 40 48 -1 12 18 30 31 34 38 40 48 -1 -2
12 18 21 22 23 30 34 37 40 41 48 -1 10 12 18 21 22 23 30 34 37 40 41 48 -1 10 12 18 21 22 23 30 34 37 40 41 48 -1 10 12 18 21 22 23 30 34 37 40 41 48 -1 10 12 18 21 22 23 30 34 37 40 41 48 -1 10 12 18 21 22 23 30 34 37 40 41 48 -1 10 12 18 21 22 23 30 34 37 40 41 48 -1 10 12 18 21 22 23 30 34 37 40 41 48 -1 10 12 18 21 22 23 30 34 37 40 41 48 -1 -2
2 -1 38 -1 2 38 -1 2 38 -1 2 38 -1 2 38 -1 2 38 -1 2 38 -1 2 38 -1 -2
2 38 -1 2 27 34 38 48 -1 2 26 27 34 38 48 -1 2 7 10 18 24 26 27 38 48 -1 2 7 10 18 20 24 26 27 34 38 48 -1 2 7 10 18 20 24 26 27 34 36 38 48 -1 2 7 10 18 20 24 26 27 34 36 38 48 -1 2 7 10 18 20 24 26 27 34 36 37 38 42 48 -1 2 7 10 18 20 24 26 27 34 36 37 38 42 48 -1 2 7 10 12 18 24 25 26 27 29 34 36 37 38 39 42 48 -1 -2
18 -1 18 -1 18 -1 18 -1 18 -1 -2
10 34 37 48 -1 9 -1 -2
48 -1 34 48 -1 34 48 -1 34 38 48 -1 7 34 48 -1 7 34 48 -1 7 34 48 -1 7 12 34 41 48 -1 7 12 34 41 48 -1 7 12 34 41 48 -1 -2
12 -1 38 48 -1 12 38 48 -1 12 38 48 -1 12 38 48 -1 12 38 48 -1 12 38 48 -1 12 26 45 48 -1 12 26 45 48 -1 12 26 45 48 -1 -2
18 48 -1 7 18 23 30 34 37 48 -1 12 18 23 30 34 37 48 -1 10 12 18 23 30 34 37 48 -1 10 12 18 23 30 34 37 48 -1 10 12 18 23 30 34 37 48 -1 12 18 23 30 34 37 48 -1 7 12 18 23 30 34 37 48 -1 7 12 18 48 -1 7 12 18 48 -1 -2
7 -1 7 27 38 -1 7 27 38 -1 7 9 27 38 -1 7 9 27 -1 7 9 20 -1 7 9 20 -1 7 9 20 -1 7 9 20 -1 7 9 -1 -2
7 38 48 -1 7 38 48 -1 7 12 48 -1 7 12 48 -1 7 48 -1 7 48 -1 7 48 -1 7 12 -1 7 12 -1 7 12 -1 -2
25 -1 25 -1 25 -1 25 -1 25 -1 25 -1 18 25 36 -1 -2
30 -1 30 -1 30 -1 13 30 -1 13 30 -1 -2
16 -1 16 -1 16 -1 16 -1 16 -1 16 -1 16 -1 16 -1 -2
35 -1 -2
9 -1 9 -1 9 -1 9 -1 9 -1 -2
18 -1 18 -1 18 -1 18 -1 -2
26 -1 26 -1 26 -1 26 -1 26 -1 -2
34 -1 10 18 34 48 -1 10 18 34 48 -1 10 18 34 48 -1 10 34 37 48 -1 10 34 37 48 -1 10 34 37 48 -1 10 34 48 -1 10 34 48 -1 10 34 48 -1 -2
27 -1 27 -1 27 -1 27 -1 27 -1 27 -1 -2
23 -1 23 -1 -2
12 -1 48 -1 12 48 -1 12 48 -1 12 48 -1 7 12 48 -1 7 12 48 -1 -2
48 -1 12 -1 12 -1 12 -1 -2
12 15 17 18 21 22 23 30 34 37 40 44 45 48 -1 6 10 12 15 17 18 21 22 23 30 33 34 37 40 44 45 48 -1 6 10 12 15 17 18 21 22 23 30 33 34 37 40 44 45 48 -1 6 10 12 15 17 18 19 21 22 23 28 30 33 34 37 40 41 43 44 45 48 -1 6 10 12 15 16 17 18 19 21 22 23 28 30 32 33 34 37 40 41 43 44 45 48 -1 6 10 12 13 15 16 17 18 19 21 22 23 28 30 32 33 34 37 40 41 43 44 45 46 48 -1 6 10 12 13 15 16 17 18 19 21 22 23 28 30 32 33 34 37 40 41 43 44 45 46 48 -1 6 10 12 13 15 16 17 18 19 20 21 22 23 28 30 32 33 34 37 40 41 43 44 45 46 48 -1 6 10 12 13 15 16 17 18 19 20 21 22 23 28 30 32 33 34 37 40 41 43 44 45 46 48 -1 6 10 12 13 15 16 17 18 19 20 21 22 23 28 30 32 33 34 37 40 41 43 44 45 46 48 -1 -2
26 34 46 48 -1 18 26 34 46 48 -1 18 26 34 37 48 -1 18 26 34 37 48 -1 18 23 26 34 37 48 -1 18 23 26 34 37 48 -1 18 23 26 34 37 48 -1 7 18 23 26 34 36 37 48 -1 7 18 23 26 34 36 37 48 -1 7 18 23 26 34 36 37 48 -1 -2
18 -1 7 18 -1 18 -1 18 -1 18 -1 18 -1 -2
7 48 -1 7 48 -1 7 48 -1 7 12 48 -1 7 12 48 -1 7 12 47 48 -1 7 12 47 48 -1 7 12 34 47 48 -1 7 12 34 47 48 -1 7 12 34 47 48 -1 -2
12 18 30 34 37 38 48 -1 12 18 30 34 37 38 48 -1 12 18 30 34 37 38 48 -1 12 18 30 34 38 48 -1 12 18 23 30 34 37 38 48 -1 12 17 18 23 30 34 37 38 48 -1 12 17 18 23 30 34 37 38 48 -1 7 10 12 17 18 23 30 34 37 38 43 46 48 -1 7 10 12 17 18 23 30 34 37 38 43 46 48 -1 7 10 12 17 18 23 30 34 37 38 43 46 48 -1 -2
7 12 16 18 26 34 38 41 48 -1 7 12 16 18 26 34 38 41 48 -1 7 12 16 18 26 34 38 41 48 -1 7 12 16 18 26 34 38 41 48 -1 7 12 16 18 26 34 38 41 48 -1 7 12 16 18 26 34 38 41 48 -1 7 12 16 18 26 34 38 41 48 -1 7 12 16 18 26 34 38 41 48 -1 7 12 16 18 26 34 38 41 48 -1 -2
26 48 -1 26 48 -1 26 48 -1 26 48 -1 9 18 23 26 48 -1 2 9 18 23 26 27 48 -1 2 9 12 18 23 26 27 48 -1 2 9 12 18 23 26 27 48 -1 2 9 10 12 18 23 26 27 48 -1 2 9 10 12 18 23 26 27 48 -1 -2
18 -1 18 -1 18 -1 18 -1 18 -1 18 -1 18 -1 18 -1 18 -1 18 -1 -2
26 -1 27 -1 27 -1 27 -1 -2
38 -1 12 38 -1 12 38 -1 12 38 -1 12 38 -1 12 38 -1 12 38 -1 12 38 -1 12 38 -1 12 38 -1 -2
6 16 -1 6 16 -1 6 16 -1 6 16 -1 6 16 -1 6 16 -1 6 16 -1 6 16 -1 6 16 -1 6 16 -1 -2
20 -1 20 -1 20 -1 20 -1 20 -1 20 -1 -2
7 -1 7 12 -1 7 12 -1 7 12 -1 -2
7 -1 7 -1 -2
30 -1 30 -1 30 -1 30 -1 30 -1 30 -1 -2
18 -1 -2
27 48 -1 27 48 -1 27 48 -1 27 48 -1 27 48 -1 27 48 -1 11 27 48 -1 27 48 -1 27 48 -1 27 48 -1 -2
12 18 23 34 41 48 -1 12 18 23 34 37 41 48 -1 12 18 23 34 37 41 48 -1 12 18 23 27 34 37 41 48 -1 12 18 23 34 37 41 48 -1 12 18 23 34 37 41 48 -1 12 18 23 34 37 41 48 -1 12 18 23 34 37 41 48 -1 12 18 23 34 37 41 48 -1 10 12 18 23 34 37 41 48 -1 -2
12 18 23 34 41 48 -1 12 18 23 34 37 41 48 -1 12 18 23 34 37 41 48 -1 10 12 18 23 30 34 37 41 44 48 -1 10 12 14 17 18 23 30 33 34 37 41 44 48 -1 10 12 18 23 30 33 34 37 41 48 -1 10 12 17 18 23 30 33 34 37 41 48 -1 10 12 17 18 21 22 23 30 32 33 34 37 41 48 -1 10 12 17 18 21 22 23 30 32 33 34 37 41 48 -1 10 12 13 17 18 21 22 23 30 32 33 34 37 41 48 49 -1 -2
16 -1 16 -1 16 -1 16 -1 16 -1 -2
35 -1 25 35 -1 25 35 -1 25 35 -1 25 35 -1 25 35 -1 25 35 -1 35 -1 -2
35 -1 35 -1 35 -1 35 -1 35 -1 35 -1 35 -1 35 -1 -2
9 12 18 30 34 40 45 48 -1 9 12 18 30 34 40 45 48 -1 9 12 18 30 34 37 40 45 48 -1 9 12 18 27 30 34 37 40 45 48 -1 9 12 18 27 30 34 37 40 45 48 -1 7 9 12 18 26 27 30 34 37 40 45 48 -1 7 9 12 18 26 27 30 34 37 38 40 45 46 48 -1 7 9 12 18 22 26 27 30 31 34 37 38 40 45 46 48 -1 7 9 12 18 22 26 27 30 31 34 37 38 40 45 46 48 -1 7 9 12 18 22 26 27 30 31 34 37 38 40 43 45 46 48 -1 -2
48 -1 48 -1 48 -1 48 -1 30 34 37 48 -1 30 34 45 48 -1 30 34 48 -1 30 34 37 48 -1 30 34 37 48 -1 30 34 37 48 -1 -2
7 -1 7 -1 7 -1 7 -1 7 -1 -2
30 48 -1 30 48 -1 30 48 -1 30 48 -1 30 48 -1 30 48 -1 30 48 -1 30 48 -1 48 -1 48 -1 -2
48 -1 48 -1 48 -1 48 -1 48 -1 48 -1 7 10 37 48 -1 -2
12 22 34 38 -1 12 22 34 38 -1 12 22 38 -1 12 22 38 -1 12 22 38 -1 12 22 38 -1 7 12 22 38 -1 7 12 22 38 -1 7 12 22 34 38 48 -1 7 12 22 34 38 48 -1 -2
9 -1 9 -1 48 -1 48 -1 48 -1 48 -1 -2
9 -1 9 -1 9 -1 9 -1 9 -1 9 -1 9 34 -1 9 34 -1 9 34 -1 9 34 -1 -2
26 -1 26 -1 26 -1 26 -1 26 -1 26 -1 26 -1 -2
38 -1 38 -1 38 -1 38 -1 38 -1 27 38 -1 27 38 -1 26 27 38 -1 -2
26 -1 16 26 -1 16 26 -1 16 26 38 -1 16 26 38 -1 16 26 38 -1 16 26 38 -1 16 26 38 -1 16 26 38 -1 -2
34 -1 48 -1 34 48 -1 6 12 15 34 48 -1 6 12 15 34 48 -1 6 12 15 34 48 -1 6 12 13 15 34 48 -1 -2
30 -1 30 -1 30 -1 30 -1 30 -1 30 -1 -2
27 -1 -2
25 -1 25 -1 25 -1 25 -1 25 -1 25 -1 25 -1 25 -1 25 -1 25 -1 -2
18 23 34 38 40 48 -1 18 23 34 38 40 48 -1 18 23 34 38 40 48 -1 18 23 34 40 48 -1 18 23 34 37 38 40 48 -1 7 18 23 27 34 40 48 -1 18 23 27 34 40 48 -1 7 18 23 27 34 40 48 -1 7 18 23 34 37 40 41 48 -1 7 18 23 34 37 40 41 48 -1 -2
14 -1 14 -1 14 -1 14 -1 14 -1 -2
30 -1 30 -1 30 -1 30 -1 30 -1 30 -1 -2
48 -1 18 48 -1 7 18 -1 7 18 -1 7 18 -1 7 18 -1 7 -1 7 -1 -2
10 18 20 34 46 -1 10 18 20 34 46 -1 10 18 20 34 46 -1 10 18 20 34 46 -1 10 18 20 34 46 -1 10 18 20 34 46 -1 10 18 20 34 46 -1 10 18 20 34 46 -1 10 18 20 34 46 -1 10 18 20 34 46 -1 -2
12 38 40 48 -1 12 38 40 48 -1 12 18 38 40 48 -1 12 18 38 40 48 -1 12 18 38 40 48 -1 12 18 34 38 40 48 -1 12 18 34 38 40 48 -1 7 12 18 26 34 38 48 -1 7 12 18 26 34 38 48 -1 12 18 26 34 38 48 -1 -2
38 -1 38 -1 38 -1 -2
7 -1 7 34 -1 7 34 -1 7 34 -1 7 34 -1 7 34 -1 7 34 -1 -2
12 38 48 -1 12 27 38 48 -1 12 38 48 -1 12 38 48 -1 10 12 34 38 48 -1 10 12 34 38 48 -1 10 12 23 34 37 38 48 -1 10 12 23 34 37 38 48 -1 10 12 23 34 37 38 48 -1 7 10 12 23 34 37 38 48 -1 -2
38 48 -1 18 30 38 48 -1 18 30 34 38 48 -1 18 30 34 38 48 -1 18 30 34 38 48 -1 18 20 30 38 48 -1 7 18 20 30 38 48 -1 7 9 18 19 20 30 38 48 -1 7 9 18 19 20 26 30 38 48 -1 -2
38 -1 38 -1 38 -1 38 -1 18 38 -1 -2
48 -1 48 -1 -2
38 -1 38 -1 38 -1 38 -1 38 -1 38 -1 38 -1 38 -1 38 -1 38 -1 -2
12 -1 12 -1 -2
12 -1 12 -1 12 -1 12 -1 12 -1 12 -1 12 -1 12 -1 -2
25 -1 25 -1 25 -1 25 -1 25 -1 25 -1 25 -1 25 -1 25 -1 25 -1 -2
12 18 26 34 38 48 -1 12 18 26 34 36 38 48 -1 12 18 24 26 30 34 36 38 48 -1 12 18 24 26 30 34 36 38 48 -1 34 -1 34 -1 10 12 18 24 26 30 34 36 38 48 -1 10 12 18 24 26 30 34 36 38 48 -1 -2
48 -1 48 -1 48 -1 -2
12 26 34 48 -1 12 26 34 38 48 -1 12 26 34 38 48 -1 12 26 34 38 48 -1 10 12 26 34 38 48 -1 10 12 26 34 38 48 -1 10 12 34 38 48 -1 10 12 34 38 48 -1 10 12 18 34 37 38 48 -1 10 12 18 34 37 38 48 -1 -2
25 -1 25 -1 25 -1 -2
9 -1 9 -1 9 12 34 -1 9 12 -1 9 12 23 -1 9 12 23 -1 9 12 23 -1 12 23 -1 12 23 -1 12 23 34 38 48 -1 -2
9 12 -1 12 -1 12 -1 12 -1 12 16 18 34 -1 12 18 34 -1 -2
12 34 -1 12 23 34 48 -1 12 23 34 48 -1 12 23 34 48 -1 12 23 34 48 -1 12 23 38 48 -1 10 12 18 23 38 48 -1 10 12 18 23 38 48 -1 10 12 18 34 38 48 -1 10 12 18 23 34 38 48 -1 -2
48 -1 48 -1 12 38 48 -1 12 38 48 -1 10 38 48 -1 10 34 38 48 -1 10 34 38 48 -1 10 34 38 48 -1 7 10 34 38 48 -1 7 10 34 38 48 -1 -2
48 -1 48 -1 48 -1 10 48 -1 7 10 48 -1 7 10 48 -1 7 10 48 -1 7 10 48 -1 7 10 48 -1 -2
25 -1 25 -1 25 -1 25 -1 25 -1 25 -1 -2
18 23 34 38 48 -1 2 12 14 16 18 23 31 34 37 38 41 46 48 -1 2 10 12 14 16 18 23 31 34 37 38 41 46 48 -1 2 7 10 12 14 16 18 23 26 31 34 36 37 38 41 46 48 -1 2 7 10 12 14 16 18 23 26 31 34 36 37 38 41 46 48 -1 2 7 10 12 14 16 18 23 31 34 37 38 41 46 48 -1 2 10 12 14 16 18 23 31 34 37 38 41 46 48 -1 7 10 12 16 18 23 31 34 37 38 41 46 48 -1 7 10 12 16 18 23 34 37 38 41 46 48 -1 7 10 12 16 18 23 34 37 38 41 46 48 -1 -2
39 -1 39 48 -1 39 48 -1 -2
12 17 18 21 23 30 34 37 41 48 -1 12 17 18 21 22 23 30 34 37 41 48 -1 12 17 18 21 22 23 30 34 37 41 48 -1 12 17 18 21 22 23 30 34 37 41 48 -1 10 12 17 18 21 22 23 30 34 37 41 48 -1 10 12 17 18 21 22 23 30 34 37 41 48 -1 10 12 17 18 21 22 23 30 34 37 41 48 -1 10 12 17 18 21 22 23 30 34 37 41 48 -1 10 12 17 18 21 22 23 30 34 37 41 48 -1 10 12 18 21 22 23 30 34 37 41 48 -1 -2
9 12 26 30 -1 7 9 12 26 30 48 -1 7 9 12 26 30 34 48 -1 7 9 10 12 26 30 48 -1 7 9 10 12 26 30 48 -1 7 10 12 26 30 48 -1 7 10 12 26 30 48 -1 7 10 12 26 30 48 -1 7 10 26 30 48 -1 7 10 26 30 48 -1 -2
25 -1 25 -1 -2
30 -1 30 -1 12 -1 12 30 -1 7 12 30 -1 12 30 -1 12 30 -1 12 30 -1 12 30 -1 12 30 -1 -2
48 -1 48 -1 48 -1 48 -1 48 -1 48 -1 48 -1 -2
27 38 -1 27 38 -1 27 38 -1 27 38 -1 26 27 38 -1 26 27 38 -1 7 26 27 38 -1 7 26 27 38 -1 7 26 27 38 -1 7 26 27 38 -1 -2
12 48 -1 12 48 -1 12 48 -1 48 -1 48 -1 48 -1 48 -1 48 -1 34 48 -1 18 34 48 -1 -2
38 -1 25 38 -1 35 -1 35 -1 35 -1 35 -1 35 -1 35 -1 35 -1 35 -1 -2
14 38 41 48 -1 14 38 -1 14 -1 2 7 14 18 38 41 48 -1 2 7 14 18 38 41 48 -1 2 7 14 18 34 38 41 48 -1 2 7 10 14 18 34 36 38 41 48 -1 2 7 10 14 18 26 34 36 38 41 48 -1 2 7 10 14 16 18 22 26 34 36 37 38 41 48 -1 2 7 10 14 16 18 22 26 34 36 37 38 41 48 -1 -2
30 38 -1 12 30 38 -1 12 38 -1 12 38 -1 12 38 -1 12 38 -1 12 38 -1 12 27 38 48 -1 12 27 38 48 -1 12 27 38 48 -1 -2
7 -1 16 48 -1 7 16 48 -1 7 16 48 -1 7 16 36 48 -1 7 16 36 48 -1 7 16 34 36 48 -1 7 16 34 36 48 -1 7 16 34 36 48 -1 7 16 34 36 48 -1 -2
48 -1 48 -1 7 48 -1 7 48 -1 7 18 48 -1 7 34 48 -1 7 34 48 -1 7 34 38 48 -1 7 10 34 38 48 -1 7 10 34 38 48 -1 -2
25 -1 25 -1 25 -1 25 -1 -2
30 -1 30 -1 30 -1 30 -1 30 -1 -2
7 -1 7 12 -1 7 12 48 -1 7 12 48 -1 7 12 48 -1 -2
34 -1 48 -1 48 -1 26 48 -1 26 48 -1 26 34 48 -1 26 34 48 -1 10 12 21 26 34 48 -1 10 12 21 26 30 34 48 -1 7 10 12 20 21 26 30 34 48 -1 -2
48 -1 48 -1 26 48 -1 26 34 48 -1 34 48 -1 7 12 -1 7 12 -1 -2
34 48 -1 34 48 -1 18 -1 18 -1 10 18 34 48 -1 10 34 48 -1 10 30 34 48 -1 10 30 34 48 -1 10 30 34 48 -1 10 30 34 48 -1 -2
34 48 -1 34 48 -1 34 48 -1 34 48 -1 34 48 -1 34 48 -1 7 34 48 -1 7 34 48 -1 7 34 48 -1 7 34 48 -1 -2
30 34 48 -1 30 34 48 -1 30 34 48 -1 34 -1 -2
7 -1 7 -1 7 -1 7 -1 7 -1 7 -1 -2
12 14 30 34 48 -1 12 30 34 36 48 -1 12 30 34 36 48 -1 10 30 36 -1 10 16 36 48 -1 10 16 36 48 -1 10 36 48 -1 10 36 48 -1 10 36 48 -1 10 36 48 -1 -2
18 -1 -2
48 -1 48 -1 48 -1 25 48 -1 25 48 -1 25 48 -1 48 -1 -2
48 -1 48 -1 48 -1 25 48 -1 25 48 -1 25 48 -1 48 -1 -2
30 -1 30 -1 30 -1 30 -1 30 38 -1 30 38 -1 30 38 -1 30 38 -1 30 38 -1 -2
26 -1 12 26 -1 12 26 -1 12 26 -1 12 26 42 -1 12 26 42 -1 12 26 42 -1 12 26 42 -1 12 26 27 42 -1 -2
12 15 17 18 21 22 23 30 34 40 45 48 -1 12 15 17 18 21 22 23 30 34 40 41 45 48 -1 12 15 17 18 21 22 23 30 34 40 41 44 45 46 48 -1 12 15 17 18 21 22 23 30 34 37 40 41 44 45 46 48 -1 12 15 16 17 18 21 22 23 30 34 37 38 40 41 44 45 46 48 -1 12 15 16 17 18 21 22 23 30 33 34 37 40 41 44 45 46 48 -1 12 15 16 17 18 21 22 23 30 33 34 37 40 41 44 45 46 48 -1 10 12 15 16 17 18 21 22 23 30 33 34 37 38 40 41 44 45 46 48 -1 10 12 13 15 16 17 18 21 22 23 30 32 33 34 37 38 40 41 44 45 46 48 -1 10 12 13 15 16 17 18 21 22 23 26 30 32 33 34 37 38 40 41 44 45 46 48 -1 -2
18 -1 18 34 -1 18 34 -1 18 34 -1 18 34 -1 18 34 -1 18 34 -1 -2
38 -1 38 -1 38 -1 38 -1 38 -1 38 -1 38 -1 38 -1 38 -1 38 -1 -2
12 -1 12 34 36 48 -1 6 7 12 34 36 48 -1 6 7 12 26 34 36 48 -1 6 7 12 26 34 36 48 -1 6 7 12 26 34 36 37 48 -1 6 7 12 26 34 36 37 48 -1 6 7 12 16 26 34 36 37 48 -1 6 7 12 16 26 34 36 37 38 48 -1 6 7 12 13 14 16 18 26 34 36 37 38 48 -1 -2
18 -1 18 -1 18 -1 -2
18 -1 18 -1 18 -1 18 -1 18 -1 18 -1 18 -1 18 -1 18 -1 18 -1 -2
20 -1 20 -1 20 -1 20 -1 -2
38 -1 38 -1 38 -1 38 -1 38 -1 38 -1 38 -1 38 -1 38 -1 38 -1 -2
7 -1 7 38 -1 7 38 -1 7 38 -1 7 38 -1 7 38 -1 7 12 38 -1 7 12 38 -1 7 12 38 -1 7 12 18 38 -1 -2
35 -1 35 -1 35 -1 35 -1 35 -1 35 -1 35 -1 35 -1 35 -1 -2
18 -1 -2
20 -1 -2
48 -1 48 -1 48 -1 48 -1 7 12 48 -1 7 10 12 26 48 -1 7 10 12 26 48 -1 7 10 12 26 48 -1 48 -1 -2
19 -1 19 -1 10 19 -1 10 19 -1 10 19 -1 10 19 -1 10 19 -1 7 10 19 -1 7 10 16 19 26 -1 -2
25 -1 25 -1 25 -1 25 -1 25 -1 25 -1 -2
30 31 -1 30 31 -1 30 31 34 -1 9 30 31 34 -1 7 30 31 34 -1 7 30 31 34 -1 7 30 31 34 -1 7 30 31 34 -1 7 9 30 31 34 -1 7 9 30 31 34 -1 -2
18 48 -1 18 34 48 -1 10 18 34 48 -1 10 18 34 48 -1 10 12 18 34 48 -1 10 12 18 34 48 -1 10 18 34 48 -1 10 18 30 34 48 -1 10 18 30 34 48 -1 10 18 30 34 48 -1 -2
48 -1 48 -1 48 -1 48 -1 48 -1 48 -1 48 -1 48 -1 48 -1 48 -1 -2
10 12 30 48 -1 -2
48 -1 48 -1 48 -1 9 48 -1 9 18 38 48 -1 9 18 48 -1 18 48 -1 -2
34 -1 34 -1 -2
12 -1 -2
7 -1 7 -1 -2
7 -1 7 -1 7 10 12 -1 -2
48 -1 48 -1 12 14 48 -1 48 -1 48 -1 48 -1 48 -1 48 -1 12 14 -1 7 14 26 -1 -2
18 -1 -2
12 34 -1 12 48 -1 12 48 -1 12 48 -1 12 48 -1 48 -1 48 -1 48 -1 48 -1 48 -1 -2
38 -1 38 -1 16 18 38 -1 16 18 38 -1 16 18 38 -1 16 18 38 -1 16 38 -1 16 38 -1 16 38 -1 16 38 -1 -2
26 48 -1 26 48 -1 26 48 -1 26 48 -1 26 48 -1 26 48 -1 26 48 -1 26 48 -1 26 48 -1 26 48 -1 -2
12 -1 12 -1 12 -1 12 -1 -2
48 -1 -2
12 -1 12 -1 12 -1 12 -1 12 -1 12 -1 12 -1 -2
9 -1 9 -1 9 -1 9 -1 9 -1 9 -1 9 -1 9 -1 9 -1 9 10 12 18 21 23 31 34 37 48 -1 -2
18 23 41 48 -1 18 23 41 48 -1 18 23 41 48 -1 18 23 34 48 -1 10 18 34 37 38 48 -1 10 12 18 34 37 38 48 -1 10 18 34 37 38 48 -1 10 18 34 37 38 48 -1 10 18 34 37 38 48 -1 10 18 34 37 38 48 -1 -2
27 34 36 38 -1 7 16 34 36 38 -1 7 16 34 36 38 -1 7 16 34 36 38 -1 7 16 34 36 38 -1 7 16 34 36 38 -1 7 16 34 36 38 -1 7 16 34 36 38 -1 7 16 34 36 38 -1 7 16 34 36 38 -1 -2
25 -1 25 -1 25 -1 25 -1 -2
38 -1 38 -1 -2
12 34 48 -1 12 34 48 -1 12 34 48 -1 12 34 48 -1 12 34 37 48 -1 12 34 37 48 -1 12 34 37 48 -1 12 34 37 48 -1 12 34 37 48 -1 12 37 48 -1 -2
18 37 48 -1 18 37 48 -1 18 37 48 -1 18 37 48 -1 18 37 48 -1 18 37 48 -1 18 37 48 -1 18 37 48 -1 18 30 37 48 -1 30 34 48 -1 -2
12 -1 12 -1 12 -1 12 -1 12 -1 12 -1 12 -1 12 -1 12 -1 -2
12 -1 12 -1 12 -1 12 -1 12 -1 12 18 -1 12 18 -1 12 18 -1 12 18 -1 12 18 -1 -2
25 -1 25 -1 25 -1 25 -1 25 -1 25 -1 25 -1 -2
30 -1 26 30 -1 26 34 37 48 -1 26 34 37 48 -1 26 34 37 48 -1 26 34 37 48 -1 26 34 37 48 -1 26 34 37 48 -1 10 26 34 37 -1 -2
2 9 -1 2 9 -1 2 9 -1 2 9 -1 2 9 -1 2 9 -1 2 9 -1 2 9 -1 2 9 -1 2 9 -1 -2
48 -1 12 48 -1 12 48 -1 12 48 -1 12 48 -1 12 48 -1 12 48 -1 12 48 -1 12 48 -1 -2
48 -1 -2
10 -1 30 48 -1 10 30 34 48 -1 10 30 34 48 -1 10 30 34 48 -1 -2
25 -1 25 -1 -2
12 -1 12 48 -1 12 18 23 34 37 41 48 -1 12 18 23 34 37 38 40 41 48 -1 12 18 23 34 37 38 41 48 -1 12 18 23 34 37 38 41 48 -1 12 18 23 34 37 38 41 48 -1 12 18 23 34 37 38 41 48 -1 12 18 23 34 37 38 41 48 -1 12 18 23 34 37 38 41 48 -1 -2
34 48 -1 34 48 -1 34 48 -1 34 48 -1 34 48 -1 31 34 48 -1 31 34 48 -1 31 34 48 -1 31 34 48 -1 27 31 34 48 -1 -2
18 -1 18 30 -1 18 30 -1 18 30 48 -1 18 30 48 -1 18 30 48 -1 30 48 -1 30 48 -1 30 48 -1 -2
