INITNeo4j | #SUP: 4 #SID: 73 125 166 206
OUTSQLite | #SUP: 14 #SID: 2 27 28 33 39 52 56 113 146 158 165 173 179 196
isLast | #SUP: 5 #SID: 45 134 150 182 186
SapHana | #SUP: 11 #SID: 63 99 102 111 114 156 166 182 184 209 210
Realm | #SUP: 4 #SID: 7 25 112 149
INGoogleCloudFilestore | #SUP: 3 #SID: 41 77 219
SAPSQLAnywhere | #SUP: 25 #SID: 0 3 27 39 46 53 59 60 63 69 90 99 110 111 114 130 133 153 156 182 191 209 210 220 230
ArangoDB | #SUP: 5 #SID: 44 73 157 192 210
Informix | #SUP: 15 #SID: 27 51 53 59 63 69 99 111 113 114 116 156 161 182 210
HyperSQL | #SUP: 81 #SID: 0 3 5 6 16 20 21 22 26 27 29 31 38 39 40 43 44 49 51 52 53 57 58 59 61 62 63 66 68 69 70 71 72 77 87 93 94 97 99 101 102 110 111 113 114 116 120 129 133 135 141 143 145 146 150 152 153 156 157 160 161 162 171 173 182 187 189 190 191 202 203 207 209 210 212 214 220 221 225 230 233
CouchDB | #SUP: 3 #SID: 11 77 181
INPostgreSQL | #SUP: 84 #SID: 0 3 5 11 13 19 20 23 29 33 39 41 43 44 46 48 49 50 51 53 54 57 60 63 65 66 69 72 74 75 77 85 87 90 95 96 97 101 110 115 116 121 128 129 130 135 140 141 142 144 146 149 150 151 153 159 160 161 162 164 168 170 171 173 183 184 189 190 191 192 201 209 210 212 214 216 220 221 222 223 225 229 230 232
Neo4j | #SUP: 17 #SID: 41 44 57 60 69 73 75 125 146 157 161 166 190 206 209 210 219
Singlestore | #SUP: 4 #SID: 41 111 184 223
Snowflake | #SUP: 9 #SID: 41 55 60 63 99 111 156 182 223
MarkLogic | #SUP: 13 #SID: 27 30 41 48 59 100 123 149 157 210 212 214 219
OUTHyperSQL | #SUP: 33 #SID: 0 3 16 20 27 31 38 39 40 44 49 61 62 63 69 71 87 101 110 113 116 135 143 146 150 161 173 187 190 202 212 221 225
Hazelcast | #SUP: 34 #SID: 0 4 14 27 41 44 46 60 68 75 77 82 83 94 103 110 113 132 133 144 146 157 160 164 181 185 194 199 210 212 219 220 221 232
INITIBM_DB2 | #SUP: 10 #SID: 38 59 99 111 114 133 146 153 182 220
GoogleCloudFilestore | #SUP: 3 #SID: 41 77 219
Influx_DB | #SUP: 7 #SID: 41 44 63 75 77 210 219
H2 | #SUP: 114 #SID: 0 3 11 12 13 14 19 20 21 27 29 30 32 33 34 38 39 43 44 46 48 51 53 54 56 57 58 59 60 61 63 66 67 69 72 73 74 75 77 81 83 85 87 90 96 98 99 101 102 104 105 110 111 113 114 116 128 129 135 136 140 141 144 146 147 149 150 151 153 156 157 158 159 160 161 162 164 165 167 168 170 171 173 176 177 179 181 182 184 189 190 191 194 195 196 198 199 202 204 206 207 209 210 212 215 218 220 221 222 223 224 225 227 230
OUTJoin_Ignite_NoSql | #SUP: 3 #SID: 39 60 75
Teradata | #SUP: 11 #SID: 50 53 81 99 113 114 115 161 182 191 210
Oracle | #SUP: 94 #SID: 0 5 6 8 13 19 20 23 27 29 32 35 38 39 41 43 44 46 48 49 50 51 53 57 59 60 63 69 72 74 77 80 83 84 90 92 93 97 99 100 101 102 105 110 111 113 114 116 118 119 126 129 130 133 138 140 141 146 149 150 153 156 157 159 161 162 166 167 168 170 176 178 182 183 184 186 187 189 190 191 195 199 203 209 210 212 214 216 219 220 223 225 230 233
MicrosoftAzureCosmosDB | #SUP: 7 #SID: 41 44 52 60 77 155 219
MySQL | #SUP: 137 #SID: 0 1 3 5 6 13 15 20 21 23 24 26 27 28 29 30 33 34 35 36 38 39 41 42 43 44 46 47 48 49 50 51 52 53 54 55 56 57 58 59 60 63 64 65 66 67 69 70 72 74 75 76 77 78 81 85 86 87 90 93 97 99 100 101 102 110 111 113 114 115 116 117 122 124 128 129 133 138 139 140 141 144 146 148 149 150 151 152 153 155 156 157 159 161 162 166 168 170 171 172 173 174 175 176 179 182 184 189 190 191 194 198 199 202 203 204 207 208 209 210 212 213 214 217 219 220 222 223 225 227 228 229 230 231 232 233 234
MS_Access | #SUP: 13 #SID: 51 59 72 74 99 113 114 133 140 182 203 214 230
INHazelcast | #SUP: 28 #SID: 0 4 14 27 41 44 60 68 75 77 82 83 110 113 133 144 146 157 160 164 181 185 199 210 212 219 220 232
INRedis | #SUP: 83 #SID: 3 4 5 15 19 20 21 24 26 27 32 36 38 39 41 43 44 46 47 48 50 52 53 56 57 58 63 66 67 69 70 74 75 77 82 97 100 102 107 108 113 116 123 127 129 131 133 138 140 142 144 146 151 152 153 157 158 160 161 166 167 170 172 176 182 184 190 193 194 198 201 204 205 207 210 212 214 221 222 223 225 231 234
IBM_DB2 | #SUP: 41 #SID: 0 27 29 30 38 49 51 53 57 59 63 69 87 89 90 99 100 102 110 111 114 130 133 141 144 146 150 153 156 157 161 166 170 182 190 191 209 210 219 220 230
DynamoDB | #SUP: 33 #SID: 10 13 14 15 21 37 41 44 48 52 54 55 60 63 69 70 73 77 79 80 82 99 105 106 135 146 157 188 190 192 197 219 223
Vertica | #SUP: 4 #SID: 52 99 111 182
Ingres | #SUP: 7 #SID: 29 57 99 114 153 156 182
OUTCouchbase | #SUP: 4 #SID: 60 77 146 210
MongoDB | #SUP: 51 #SID: 5 9 10 11 18 30 33 41 43 44 46 57 58 60 63 69 70 75 77 81 99 100 113 114 135 136 140 146 149 153 157 160 161 163 166 174 176 181 182 184 190 191 198 207 209 210 212 214 217 219 223
MS_SQL_Server | #SUP: 67 #SID: 0 6 27 29 33 39 41 44 46 48 50 52 53 57 59 63 69 70 75 77 78 90 93 97 99 100 101 102 105 110 111 113 114 115 129 133 135 141 144 146 149 153 156 157 159 161 166 168 170 171 174 176 182 184 189 190 208 209 210 214 219 220 222 223 225 229 230
GoogleCloudDatastore | #SUP: 43 #SID: 4 15 18 29 30 39 41 44 49 53 54 59 60 75 78 79 80 82 88 91 105 109 113 114 117 121 122 123 135 146 157 163 182 191 194 195 201 203 210 214 219 225 226
INSAPSQLAnywhere | #SUP: 22 #SID: 0 3 27 39 46 53 60 63 69 90 99 110 114 130 133 153 156 182 191 209 210 230
OUTOracle | #SUP: 23 #SID: 0 6 13 20 23 48 53 60 77 83 84 92 93 101 130 138 146 161 168 199 214 216 233
INSQLite | #SUP: 30 #SID: 2 23 28 39 46 52 55 56 63 72 88 100 111 115 128 141 146 156 158 159 170 179 180 182 191 196 209 210 229 233
FirebaseRealtime | #SUP: 8 #SID: 15 17 77 84 109 169 179 200
SQLite | #SUP: 40 #SID: 2 23 27 28 33 39 46 52 55 56 59 63 72 88 99 100 102 111 113 114 115 128 141 146 156 158 159 165 170 173 179 180 182 191 196 201 209 210 229 233
PostgreSQL | #SUP: 102 #SID: 0 3 5 11 13 19 20 23 27 29 30 33 39 41 43 44 46 48 49 50 51 53 54 57 59 60 63 65 66 69 72 74 75 77 78 85 87 90 93 95 96 97 99 100 101 102 110 111 113 114 115 116 121 128 129 130 133 135 140 141 142 144 146 149 150 151 153 156 157 159 160 161 162 164 166 168 170 171 172 173 182 183 184 189 190 191 192 201 209 210 212 214 216 219 220 221 222 223 225 229 230 232
SAPAdaptiveServer | #SUP: 24 #SID: 0 3 27 46 53 59 60 63 69 90 99 110 111 114 130 133 153 156 182 191 209 210 220 230
ClickHouse | #SUP: 11 #SID: 41 46 48 63 99 102 113 141 184 219 223
Kdb | #SUP: 3 #SID: 56 59 99
HBase | #SUP: 24 #SID: 1 14 39 41 44 46 48 49 52 53 54 60 63 69 70 75 111 137 153 154 172 184 207 223
Firebird | #SUP: 14 #SID: 29 51 57 59 63 99 111 146 153 156 161 182 191 210
Cassandra | #SUP: 31 #SID: 5 14 30 41 43 44 46 48 58 60 63 69 70 73 75 77 84 100 146 153 157 161 175 184 190 207 210 212 219 221 223
INMS_Access | #SUP: 6 #SID: 51 72 74 114 203 230
Couchbase | #SUP: 9 #SID: 44 50 60 77 146 157 166 210 219
Etcd | #SUP: 8 #SID: 1 42 44 47 63 69 157 223
PostGIS | #SUP: 11 #SID: 13 44 99 100 102 113 141 153 182 191 192
Redis | #SUP: 90 #SID: 3 4 5 15 19 20 21 24 26 27 30 32 36 38 39 41 43 44 46 47 48 49 50 52 53 56 57 58 60 63 65 66 67 69 70 74 75 77 82 97 100 102 107 108 113 116 123 127 129 131 133 138 140 142 144 146 151 152 153 157 158 160 161 166 167 170 172 176 182 184 190 193 194 195 198 201 204 205 207 210 211 212 214 219 221 222 223 225 231 234
Join_Ignite_NoSql | #SUP: 7 #SID: 39 44 60 75 111 157 223
INPostGIS | #SUP: 11 #SID: 13 44 99 100 102 113 141 153 182 191 192
INMarkLogic | #SUP: 13 #SID: 27 30 41 48 59 100 123 149 157 210 212 214 219
OUTGoogleCloudDatastore | #SUP: 14 #SID: 4 44 60 78 82 117 122 135 146 163 182 201 203 214
INRealm | #SUP: 3 #SID: 7 25 112
INFirebaseRealtime | #SUP: 7 #SID: 15 17 77 84 169 179 200
OUTNeo4j | #SUP: 8 #SID: 44 69 73 125 146 190 206 210
INITHazelcast | #SUP: 6 #SID: 46 94 103 132 194 221
INITRedis | #SUP: 7 #SID: 30 49 60 65 195 211 219
INMySQL | #SUP: 89 #SID: 1 15 21 23 26 29 33 36 39 41 44 47 48 49 50 51 52 53 54 55 56 57 58 60 63 65 67 70 72 74 75 76 77 81 85 86 87 93 97 101 115 116 117 122 124 128 129 138 139 141 146 149 150 152 155 159 161 168 171 173 174 176 179 184 189 190 191 194 198 199 202 203 204 207 208 209 210 212 213 214 217 223 225 227 228 229 230 232 233
OUTDynamoDB | #SUP: 4 #SID: 70 82 106 146
INEtcd | #SUP: 8 #SID: 1 42 44 47 63 69 157 223
OUTRedis | #SUP: 22 #SID: 3 4 5 15 24 39 48 52 53 65 67 74 107 140 146 153 158 167 176 198 214 231
INSnowflake | #SUP: 9 #SID: 41 55 60 63 99 111 156 182 223
OUTMySQL | #SUP: 41 #SID: 0 6 23 24 27 28 42 44 47 48 49 55 56 57 58 64 65 75 76 78 85 87 138 139 141 146 148 168 173 176 179 184 198 199 202 207 208 210 214 223 228
INITMongoDB | #SUP: 8 #SID: 10 18 30 100 136 157 163 219
INGoogleCloudDatastore | #SUP: 34 #SID: 4 15 30 39 44 54 59 60 75 78 79 80 82 88 91 105 117 122 123 135 146 157 163 182 191 194 195 201 203 210 214 219 225 226
INSapHana | #SUP: 9 #SID: 63 102 111 114 156 166 184 209 210
OUTFirebird | #SUP: 4 #SID: 63 146 153 161
INMicrosoftAzureCosmosDB | #SUP: 7 #SID: 41 44 52 60 77 155 219
INITMS_SQL_Server | #SUP: 9 #SID: 6 59 78 99 102 111 114 146 156
OUTPostgreSQL | #SUP: 25 #SID: 0 13 23 33 60 75 77 78 85 96 116 130 135 141 146 150 153 161 168 170 171 173 209 216 222
INSinglestore | #SUP: 4 #SID: 41 111 184 223
INCouchbase | #SUP: 9 #SID: 44 50 60 77 146 157 166 210 219
INMS_SQL_Server | #SUP: 60 #SID: 0 27 29 33 39 41 44 46 48 50 52 53 57 63 69 70 75 77 90 93 97 100 101 102 105 110 113 115 129 133 135 141 144 146 149 153 157 159 161 166 168 170 171 174 176 182 184 189 190 208 209 210 214 219 220 222 223 225 229 230
INisLast | #SUP: 5 #SID: 45 134 150 182 186
INITH2 | #SUP: 27 #SID: 0 27 30 32 59 60 66 90 99 102 110 111 113 114 116 140 144 146 149 150 161 162 171 184 202 222 223
OUTMongoDB | #SUP: 10 #SID: 5 46 70 99 146 149 153 182 198 214
INITGoogleCloudDatastore | #SUP: 9 #SID: 18 29 41 49 53 109 113 114 121
INCassandra | #SUP: 29 #SID: 5 30 41 43 44 46 48 58 60 63 69 70 73 75 77 84 100 146 153 157 161 175 184 190 207 210 212 219 223
INNeo4j | #SUP: 14 #SID: 41 44 57 60 69 73 75 146 157 161 190 209 210 219
OUTSAPSQLAnywhere | #SUP: 12 #SID: 0 3 27 60 63 69 90 130 153 209 210 220
INMongoDB | #SUP: 43 #SID: 5 9 11 33 41 43 44 46 57 58 60 63 69 70 75 77 81 99 113 114 135 140 146 149 153 160 161 166 174 176 181 182 184 190 191 198 207 209 210 212 214 217 223
INOracle | #SUP: 76 #SID: 0 5 6 8 13 19 20 23 29 32 35 38 39 41 43 44 46 48 49 50 51 53 57 60 63 69 72 74 77 80 83 84 90 92 93 97 100 101 105 110 116 118 119 126 129 130 138 140 146 149 150 157 159 161 162 166 167 168 170 178 183 184 186 189 191 195 199 203 209 210 212 216 223 225 230 233
INITSAPSQLAnywhere | #SUP: 4 #SID: 27 59 111 220
INITSQLite | #SUP: 12 #SID: 27 33 59 99 102 113 114 146 165 173 179 201
INFirebird | #SUP: 11 #SID: 29 51 57 63 111 146 153 156 161 191 210
OUTFirebaseRealtime | #SUP: 4 #SID: 15 17 84 179
INIngres | #SUP: 5 #SID: 29 57 153 156 182
INITOracle | #SUP: 20 #SID: 27 59 77 99 102 111 113 114 133 141 146 153 156 176 182 187 190 214 219 220
INITPostgreSQL | #SUP: 23 #SID: 13 27 30 59 78 93 99 100 102 111 113 114 116 133 146 153 156 157 166 170 172 182 219
INTeradata | #SUP: 9 #SID: 50 53 81 114 115 161 182 191 210
INHBase | #SUP: 19 #SID: 1 39 41 44 46 52 53 60 63 69 70 75 111 137 153 154 184 207 223
INCouchDB | #SUP: 3 #SID: 11 77 181
OUTInformix | #SUP: 5 #SID: 27 63 69 116 161
INITSAPAdaptiveServer | #SUP: 4 #SID: 27 59 111 220
INVertica | #SUP: 4 #SID: 52 99 111 182
OUTMS_Access | #SUP: 6 #SID: 74 114 140 203 214 230
OUTSapHana | #SUP: 3 #SID: 63 111 156
OUTCassandra | #SUP: 9 #SID: 5 30 48 60 69 70 84 146 153
INITInformix | #SUP: 5 #SID: 27 59 99 116 182
OUTTeradata | #SUP: 3 #SID: 113 115 161
INHyperSQL | #SUP: 52 #SID: 0 3 16 20 21 22 26 29 31 39 40 44 49 51 52 53 57 58 61 63 66 69 70 71 72 94 110 113 120 129 135 141 143 145 146 152 156 160 161 162 173 187 189 190 191 202 203 207 212 221 225 230
OUTSAPAdaptiveServer | #SUP: 12 #SID: 0 3 27 60 63 69 90 130 153 209 210 220
OUTHazelcast | #SUP: 17 #SID: 0 4 14 46 75 82 103 110 132 133 144 146 164 194 199 221 232
INDynamoDB | #SUP: 31 #SID: 10 13 14 15 21 37 41 44 48 52 54 55 60 63 69 70 73 77 82 99 105 106 135 146 157 188 190 192 197 219 223
INITHyperSQL | #SUP: 32 #SID: 0 5 6 27 38 43 59 62 68 77 87 93 97 99 101 102 110 111 114 116 133 146 150 153 157 171 182 209 210 214 220 233
INITMySQL | #SUP: 54 #SID: 0 3 5 6 13 20 24 27 28 30 34 35 38 42 43 46 49 57 59 64 66 69 78 90 99 100 102 110 111 113 114 133 140 144 146 148 151 153 156 157 162 166 170 172 175 182 199 210 214 219 220 222 231 234
OUTMS_SQL_Server | #SUP: 18 #SID: 0 6 48 63 69 75 78 93 101 102 115 133 135 146 153 161 208 214
INH2 | #SUP: 88 #SID: 3 11 12 13 14 19 20 21 29 33 34 38 39 43 44 46 48 51 53 54 56 57 58 61 63 67 69 72 73 74 75 77 81 83 85 87 96 98 101 104 105 128 129 135 136 141 146 147 151 153 156 157 158 159 160 164 165 167 168 170 173 176 177 179 181 182 189 190 191 194 195 196 198 199 204 206 207 209 210 212 215 218 220 221 224 225 227 230
INClickHouse | #SUP: 11 #SID: 41 46 48 63 99 102 113 141 184 219 223
INInformix | #SUP: 10 #SID: 51 53 63 69 111 113 114 156 161 210
OUTIBM_DB2 | #SUP: 14 #SID: 0 27 30 38 63 69 89 130 146 150 153 161 210 220
INITMS_Access | #SUP: 7 #SID: 59 99 113 133 140 182 214
INITHBase | #SUP: 6 #SID: 14 48 49 54 69 172
INIBM_DB2 | #SUP: 33 #SID: 0 27 29 30 49 51 53 57 63 69 87 89 90 100 102 110 130 141 144 146 150 153 156 157 161 166 170 190 191 209 210 219 230
INJoin_Ignite_NoSql | #SUP: 7 #SID: 39 44 60 75 111 157 223
INInflux_DB | #SUP: 7 #SID: 41 44 63 75 77 210 219
INITFirebird | #SUP: 4 #SID: 59 99 146 182
INSAPAdaptiveServer | #SUP: 21 #SID: 0 3 27 46 53 60 63 69 90 99 110 114 130 133 153 156 182 191 209 210 230
OUTHBase | #SUP: 10 #SID: 1 39 44 49 60 69 111 153 172 184
INArangoDB | #SUP: 5 #SID: 44 73 157 192 210
OUTH2 | #SUP: 32 #SID: 14 38 44 48 56 61 63 73 85 96 101 136 146 162 170 171 173 176 177 179 189 196 198 199 206 207 212 215 218 220 221 225